0.00435385  0.0054348  -0.000397558  -0.0185167  0.368701  -0.598353  
0.00530959  0.00392202  -0.00128868  0.0145295  0.400621  -0.656043  
0.0071099  0.00235771  -0.00168417  0.0219862  0.48892  -0.740128  
0.00893102  0.00219445  -0.00181799  0.041254  0.542906  -0.79141  
0.00905847  0.0011188  -0.00184774  0.0685613  0.502147  -0.770897  
0.00889133  0.000580019  -0.00217138  0.0751056  0.489952  -0.728315  
0.00978615  0.000580019  -0.00227309  0.0875122  0.567199  -0.76939  
0.00956357  0.000123676  -0.00224663  0.0872819  0.490621  -0.732433  
0.00960867  -5.68881e-06  -0.00240449  0.0870318  0.547246  -0.758664  
0.0093573  -5.68881e-06  -0.00227268  0.0916785  0.502234  -0.749533  
0.00902104  -8.51351e-05  -0.00224742  0.095451  0.490086  -0.729761  
0.00986699  -0.000571775  -0.00255186  0.100765  0.559812  -0.768736  
0.00972567  -0.000929997  -0.00271269  0.107664  0.501837  -0.745003  
0.0094189  -0.00094434  -0.00247839  0.105394  0.508691  -0.726605  
0.0114458  -0.000968838  -0.00224913  0.124186  0.630261  -0.886273  
0.0124644  -0.00288373  -0.00265063  0.128584  0.660466  -0.965981  
0.0120764  -0.00200075  -0.00309723  0.113377  0.645549  -0.921496  
0.0128558  -0.00241605  -0.00298349  0.125491  0.569146  -0.847841  
0.0135555  -0.00261621  -0.0031132  0.111959  0.642055  -0.907008  
0.0133047  -0.00268893  -0.00314662  0.125124  0.623459  -0.918294  
0.0103351  -0.00261621  -0.00314264  0.100226  0.509691  -0.748186  
0.0113995  -0.00233576  -0.00324328  0.102101  0.581189  -0.808548  
0.0108202  -0.00255151  -0.00365242  0.0714073  0.547066  -0.830959  
0.00852046  -0.000784089  -0.00511083  -0.0623581  0.476118  -0.726658  
0.00754982  -0.000446927  -0.00530463  -0.0653944  0.465095  -0.685961  
0.00644267  -0.00172079  -0.00328266  0.00226437  0.371982  -0.615338  
0.00686554  -0.00125565  -0.00413268  -6.43647e-05  0.430063  -0.677767  
0.00716859  -0.00123182  -0.00432947  -0.0048935  0.424597  -0.689307  
0.00642478  -0.00115521  -0.00419454  -0.00712328  0.393112  -0.629589  
0.0066949  -0.00072773  -0.0040193  -0.0175375  0.43453  -0.670769  
0.00365775  -0.000387988  -0.00367399  -0.0193372  0.278536  -0.531876  
-0.00202923  0.00123363  -0.00379014  -0.100946  0.178941  -0.460367  
-0.00166659  0.00165441  -0.00462382  -0.150549  0.147019  -0.425679  
-0.000833986  0.00174107  -0.00500819  -0.176082  0.120563  -0.363839  
-0.000931526  0.00180874  -0.0047871  -0.149622  0.175663  -0.399431  
-0.00119895  0.00101444  -0.0043081  -0.112144  0.0936121  -0.333252  
-0.00105164  0.00108071  -0.00424884  -0.0975009  0.149188  -0.357516  
-0.00090861  0.000845025  -0.0042008  -0.0799771  0.156511  -0.386286  
-0.00119881  0.000706455  -0.00384537  -0.076435  0.132153  -0.350688  
-0.000819394  0.000949229  -0.00419963  -0.083089  0.146196  -0.366082  
-0.00107894  0.000706455  -0.00426052  -0.0845389  0.134068  -0.366813  
-0.00140505  0.000305006  -0.0043384  -0.0704454  0.0992567  -0.332618  
-0.00124569  0.000271605  -0.00430662  -0.0717079  0.131461  -0.358999  
-0.00110698  0.000706455  -0.00428216  -0.0899984  0.148824  -0.373842  
-0.00110698  0.000562965  -0.00448686  -0.0888201  0.118701  -0.380296  
-0.000817626  0.000821256  -0.00439538  -0.0881429  0.139008  -0.392516  
0.00223369  -0.00189289  -0.00313608  0.00809802  0.355578  -0.754244  
0.000807944  -0.00153017  -0.00202293  0.00339567  0.201459  -0.45265  
0.00361348  -0.00254927  0.00291291  0.143712  0.285281  -0.491536  
0.00302121  -0.00261883  0.00128017  0.0963957  0.247714  -0.42563  
0.00291845  -0.00215462  0.000681654  0.0817845  0.244378  -0.453439  
0.00316353  -0.00204457  0.000503534  0.0668377  0.248787  -0.458806  
0.00302887  -0.000354084  0.000857523  0.0386307  0.28694  -0.430018  
0.00191438  -0.000381314  0.000713858  0.0370659  0.187704  -0.360214  
0.00179352  -0.000328504  0.00062123  0.0426442  0.211917  -0.380737  
0.0025231  -0.000313349  0.000577496  0.0382519  0.25233  -0.402599  
0.00187387  -0.000652459  0.000421526  0.0269525  0.206768  -0.377519  
0.0021117  -0.000587496  0.000441253  0.0377882  0.244459  -0.418096  
0.00187211  -0.000721894  0.000514057  0.04795  0.236509  -0.394568  
0.00100129  -0.000668239  0.000250015  0.03235  0.187701  -0.362352  
0.00168548  -0.000598059  0.000265296  0.0369358  0.238703  -0.412149  
0.00186234  -0.0009284  0.000234668  0.0400345  0.215413  -0.397116  
0.0017656  -0.0009284  0.000131864  0.0433178  0.198647  -0.363054  
0.0019305  -0.000773899  0.000108015  0.0478519  0.257885  -0.427115  
0.00175518  -0.000885504  -8.24636e-05  0.0350707  0.165317  -0.366894  
0.00237111  -0.000521405  -0.000111496  0.038587  0.233932  -0.409462  
0.00247973  -0.000431803  0.000126578  0.0376857  0.235369  -0.423779  
0.0025888  -0.000661942  0.000208513  0.0286954  0.21621  -0.389179  
0.0028194  -0.000431804  0.000191211  0.029385  0.254813  -0.423635  
0.00280875  -0.000623258  0.000134347  0.0334459  0.237787  -0.401778  
0.0022632  -0.000431804  0.000185241  0.0371671  0.206288  -0.381752  
0.00270624  -0.000308139  0.000254842  0.0480651  0.244319  -0.3826  
0.00271835  -0.000581683  0.000230106  0.0479514  0.228183  -0.380782  
0.00258145  -0.000629444  0.000180282  0.0449074  0.224125  -0.399001  
0.0025469  -0.000431804  0.000112277  0.0365796  0.24516  -0.378429  
0.00332349  0.00131156  0.000841001  -0.0609964  0.186559  -0.32233  
0.00295428  0.000348625  0.000354009  -0.0366916  0.209988  -0.336281  
0.00323514  0.000175258  0.000147989  -0.0248641  0.233217  -0.3383  
0.00242925  0.000716504  0.000414615  -0.0469611  0.115642  -0.209444  
0.00262285  0.000884679  0.000263656  -0.0495095  0.139838  -0.193391  
0.00251886  0.000805709  0.000414615  -0.0394021  0.16782  -0.243412  
0.00273408  0.000720685  0.000414615  -0.0442196  0.163423  -0.202073  
0.0027569  0.000796983  0.000414615  -0.0379618  0.168301  -0.223246  
0.00271657  0.000749365  0.000414615  -0.0318747  0.187806  -0.215954  
0.00295568  0.000620828  0.000414615  -0.0330699  0.164035  -0.201549  
0.00248772  0.000677465  0.000467349  -0.0345378  0.165628  -0.221975  
0.00313133  0.000645231  0.000746893  -0.023464  0.221505  -0.242057  
0.00288232  0.00027864  0.00067815  -0.00750058  0.20476  -0.240401  
0.00279503  0.00027864  0.000672982  -0.00568978  0.184165  -0.241198  
0.00290665  0.00043038  0.00056301  -0.010102  0.209419  -0.255325  
0.00362459  0.00027864  0.000458743  -0.017642  0.179792  -0.224666  
0.00275641  0.000556572  0.000311727  -0.0172744  0.191063  -0.241018  
0.002595  0.000845754  0.000344915  -0.0202221  0.190555  -0.224898  
0.00304082  0.000485889  0.000261097  -0.0144762  0.175975  -0.200092  
0.00320411  0.00046843  0.000283989  -0.013012  0.160187  -0.187517  
0.00299969  0.00027864  0.000276958  -0.000892549  0.202623  -0.217046  
0.00250781  0.000217032  0.000284274  -0.0114349  0.155824  -0.186185  
0.00194394  0.00027864  0.00026821  -0.00884464  0.143648  -0.191703  
0.0025545  0.00027864  0.000268211  -0.0112478  0.179709  -0.221438  
0.00223663  0.00027864  0.000268211  -0.0145288  0.171754  -0.221334  
0.00199898  0.000124825  0.00019337  -0.0106173  0.126599  -0.185147  
0.0025449  0.000205599  0.000268211  -0.00800638  0.152969  -0.207904  
0.00227339  0.000296345  9.79207e-05  -0.00929126  0.179351  -0.234787  
0.00332276  0.000220813  0.000324501  -0.0167266  0.207121  -0.243283  
0.00258843  0.00014547  0.000268211  -0.0167318  0.155299  -0.193566  
0.00304528  0.000350847  0.000117176  -0.0146684  0.19916  -0.226119  
0.00322766  0.000350847  0.00021639  -0.018203  0.225747  -0.240839  
0.00207002  8.35666e-05  0.00253911  0.0556362  0.0623376  -0.0898219  
0.00125002  0.000791224  0.000956597  -0.00739773  0.0988976  -0.120972  
0.00143371  0.000805076  0.000568757  -0.0292479  0.12462  -0.144651  
0.00185478  0.000615393  0.000874232  -0.0100778  0.10362  -0.14345  
0.00228609  0.000350848  0.000757813  -0.013402  0.0928517  -0.113038  
0.00185478  0.000422228  0.000673752  -0.00529457  0.122072  -0.121708  
0.00206524  0.000350848  0.000680063  -0.00527989  0.103858  -0.113047  
0.0015975  0.000663895  0.000544862  -0.00527218  0.0724538  -0.0823602  
0.00185562  0.000592759  0.000680063  -0.00526067  0.111716  -0.104884  
0.00200059  0.000350848  0.000680063  -0.00527989  0.114375  -0.0981318  
0.00127903  0.000491101  0.000572944  -0.0139663  0.078344  -0.0911955  
0.00163405  0.000647078  0.000680064  -0.012161  0.0985236  -0.0866424  
0.00145007  0.000698445  0.000680064  -0.00755291  0.120597  -0.119447  
0.00101272  0.000350848  0.000680064  -0.0148266  0.0513796  -0.0746334  
0.000897487  0.000695441  0.000533516  -0.0108582  0.0753399  -0.0913436  
0.00136028  0.000350848  0.000748671  -0.00527217  0.0927491  -0.0868057  
0.000951994  0.000350848  0.000680064  -0.00527989  0.0488132  -0.0874248  
0.00127425  0.000350848  0.000614996  -0.00528484  0.0607529  -0.0674704  
0.00116774  0.000563095  0.000341396  -0.0168485  0.0852128  -0.085008  
0.000856335  0.000714584  0.000387671  -0.00528142  0.0622924  -0.0843252  
0.0011265  0.000655996  0.000292408  -0.0137894  0.0655424  -0.0658974  
0.00128948  0.000953344  0.000404922  -0.0295375  0.101622  -0.100372  
0.00106686  0.000884663  0.000407757  -0.0249139  0.0973373  -0.0917224  
0.000795857  0.00104151  0.000202751  -0.0387831  0.062676  -0.062618  
0.00103599  0.00123925  0.000202751  -0.0520024  0.0936797  -0.0825403  
0.00103599  0.000810225  0.000578294  -0.0157485  0.0999479  -0.0895894  
0.00103599  0.000752408  0.000565436  -0.0139652  0.0577592  -0.0560261  
0.00105089  0.000657204  0.000575494  0.00504102  0.0750146  -0.0592007  
0.00142626  0.000868688  0.000631487  0.00413217  0.101046  -0.073231  
0.00108665  0.000766921  0.000560058  0.00114061  0.0868007  -0.0911769  
0.00109092  0.000533859  0.000560302  0.00109506  0.0799457  -0.0521943  
0.00096579  0.000940697  0.000691535  -0.00317192  0.0898765  -0.0513294  
0.000818161  0.000688934  0.000392031  -0.0115045  0.0836821  -0.0525425  
0.00100528  0.000418575  0.000356759  -0.00277942  0.0456564  -0.0591464  
0.000569027  0.000415133  0.000228959  -0.0135702  0.0549645  -0.0523591  
0.000456661  0.000297284  0.000228959  -0.0101486  0.0407115  -0.0484541  
0.000746762  0.000256932  0.000359823  -0.00591542  0.028392  -0.030826  
0.000294049  0.00030056  0.00029411  -0.00303152  -0.00715561  0.0213987  
0.000646789  -5.79992e-05  0.000228959  0.00470292  0.0393187  -0.0085847  
0.000300064  -5.79992e-05  -9.83469e-05  -0.00613642  0.0283752  -0.0231636  
0.000181037  -5.79993e-05  -5.19224e-05  0.00470292  0.00378774  -0.00371257  
0.000198331  -5.79993e-05  -8.52727e-05  -0.0136218  0.00889035  0.0133438  
0.000109837  0.000554638  -0.000192749  -0.0375188  0.0327745  -0.00420516  
0.000459811  0.00053147  -0.000212902  -0.0273804  0.0290095  -0.00316008  
0.00021666  0.000598534  -0.000467009  -0.0273712  0.00225028  0.0320681  
0.000594685  0.000844987  -0.000118251  -0.0343957  0.0541912  -0.0198041  
0.00140956  0.0007413  5.59735e-05  -0.0422497  0.0687509  -0.0411491  
0.000518937  0.0007413  -0.000229787  -0.0272871  0.0200977  -0.0055921  
0.000283608  0.0007413  -0.000381864  -0.0332776  0.0469963  -0.000651846  
0.00049087  0.0007413  -0.000381864  -0.0272878  0.049361  -0.0227695  
0.000372241  0.00087102  -0.000381864  -0.0206223  0.008112  0.0355355  
0.00101235  0.0007413  -0.000381864  -0.0272878  0.0603754  -0.0246376  
0.000838871  0.0007413  -0.000381864  -0.0192089  0.04428  -0.0126758  
0.000204356  0.0011192  -0.000381864  -0.027291  0.0128995  0.0164389  
0.000936523  0.0009139  -0.000325453  -0.0272835  0.0761294  0.00269722  
2.5984e-05  0.00165531  -0.000381864  -0.0466298  -0.00197644  0.0787993  
-0.00190247  0.00260512  -0.000826548  -0.0911939  -0.0955905  0.211434  
-0.000775214  0.00193288  -0.000826547  -0.0860014  -0.0420263  0.15141  
-0.00127345  0.00199664  -0.000826547  -0.0888151  -0.081742  0.162571  
-0.00146331  0.0029467  -0.00137103  -0.107816  -0.0553897  0.168572  
-0.00134286  0.00292794  -0.00111894  -0.102345  -0.0672208  0.159693  
-0.00148249  0.00429354  -0.000482753  -0.155831  -0.119719  0.231596  
-0.00132704  0.00447251  -0.000708417  -0.138769  -0.0782818  0.214813  
-0.00129044  0.00399407  -0.000254038  -0.131902  -0.087845  0.208107  
-0.00154602  0.00361342  -0.000544209  -0.123805  -0.0838475  0.195883  
-0.00147729  0.00356079  -0.000463854  -0.13864  -0.0493485  0.15809  
-0.00192112  0.00345946  -0.000774  -0.138544  -0.139023  0.23366  
-0.00225855  0.00356079  -0.000844281  -0.138563  -0.124179  0.235145  
-0.00185478  0.00339544  -0.000754612  -0.111931  -0.0888178  0.205935  
0.00198012  0.00118447  -0.00129101  -0.0655109  0.0385867  0.0183857  
-1.04777e-05  0.00209183  -0.00127875  -0.0752428  -0.026286  0.074922  
0.000105137  0.00176282  -0.00127875  -0.0630827  -0.0157079  0.0765839  
0.000166385  0.00167094  -0.00127875  -0.0630771  -0.0316634  0.0952612  
-0.000484058  0.00167094  -0.00171196  -0.0767529  -0.0848323  0.180454  
-0.000707398  0.0020384  -0.00118646  -0.0732667  -0.057769  0.169025  
-0.000712491  0.00197573  -0.00139502  -0.0762274  -0.0650546  0.146042  
-0.00191248  0.00281739  -0.00180541  -0.101118  -0.156251  0.25863  
-0.00196309  0.00371013  -0.00201447  -0.122862  -0.128084  0.265532  
-0.00193796  0.00349532  -0.00208062  -0.137006  -0.170748  0.248313  
-0.0023115  0.0031915  -0.00184482  -0.125911  -0.126998  0.222327  
-0.00227662  0.00345209  -0.00196841  -0.119236  -0.107336  0.212132  
-0.00289184  0.0031915  -0.00202016  -0.111689  -0.170812  0.264872  
-0.00256214  0.0031915  -0.00203507  -0.114768  -0.121783  0.21525  
-0.00239656  0.00310551  -0.00188747  -0.115435  -0.132299  0.235073  
-0.00279144  0.0031915  -0.00212741  -0.118855  -0.194098  0.283094  
-0.00262608  0.00279627  -0.00188747  -0.112231  -0.109608  0.224892  
-0.00303024  0.002884  -0.00188747  -0.102797  -0.191262  0.250175  
-0.00348342  0.0032021  -0.00201944  -0.119762  -0.210378  0.286106  
-0.00274623  0.00284369  -0.000405337  -0.0541824  -0.161903  0.25367  
-0.00341537  0.00264809  -0.00106201  -0.0579131  -0.213411  0.273762  
-0.00352278  0.00264809  -0.00166442  -0.062118  -0.192627  0.272461  
-0.00320582  0.00273632  -0.00195786  -0.0921057  -0.159955  0.252778  
-0.00365139  0.00315742  -0.00162478  -0.0928208  -0.245993  0.315621  
-0.00346093  0.00386445  0.00691072  -0.051404  -0.210143  0.291831  
-0.00233281  0.00315195  0.00245776  -0.148642  -0.160476  0.20967  
-0.00256682  0.00308013  0.00183767  -0.126818  -0.17076  0.222954  
-0.0017204  0.00280005  0.00183767  -0.12675  -0.110077  0.218332  
-0.00151754  0.00290479  0.00183767  -0.112763  -0.11938  0.20859  
-0.00193618  0.00267776  0.00183767  -0.109197  -0.15149  0.257436  
-0.0021708  0.00267777  0.0021165  -0.126769  -0.129261  0.227918  
-0.00227656  0.00267777  0.00208269  -0.126785  -0.114375  0.205417  
-0.00276096  0.00260126  0.00204863  -0.116316  -0.191721  0.270806  
-0.00251678  0.00278501  0.00209917  -0.111961  -0.151159  0.23021  
-0.00224639  0.00267777  0.00151081  -0.134083  -0.112158  0.195443  
-0.00264557  0.00245104  0.00193484  -0.103263  -0.168631  0.230469  
-0.0023989  0.00224618  0.00224983  -0.0913014  -0.154543  0.262677  
-0.0026346  0.00212881  0.00175891  -0.088029  -0.140423  0.255425  
-0.00348097  0.00212881  0.00186977  -0.0861399  -0.223937  0.320078  
-0.00356909  0.00229493  0.00154624  -0.0738623  -0.211823  0.313732  
-0.00369109  0.0024053  0.00131928  -0.0760304  -0.191611  0.326917  
-0.00401344  0.00228427  0.00140478  -0.0732456  -0.253317  0.340356  
-0.00404181  0.00244217  0.00129107  -0.0689963  -0.244867  0.335418  
-0.00434484  0.00212881  0.00120876  -0.0811272  -0.258149  0.36137  
-0.00402024  0.00212881  0.0011402  -0.0733196  -0.245519  0.350618  
-0.00419355  0.00212881  0.000994054  -0.0806826  -0.267451  0.347323  
-0.00390607  0.00212881  0.000893295  -0.0818517  -0.246281  0.330996  
-0.00372347  0.00212881  0.000994054  -0.0757665  -0.213849  0.311432  
-0.00372671  0.00212881  0.000994054  -0.0695446  -0.205431  0.310807  
-0.00352201  0.00212881  0.000772712  -0.0722033  -0.219361  0.290367  
-0.0038251  0.00212881  0.000994054  -0.0651085  -0.217912  0.301501  
-0.00347202  0.00229212  0.000994054  -0.0758169  -0.180604  0.264853  
-0.00337294  0.0024091  0.00111475  -0.0640404  -0.188629  0.287138  
-0.00378384  0.00247632  0.00135849  -0.0669745  -0.237693  0.346367  
-0.00378384  0.00237673  0.00161415  -0.0597943  -0.208306  0.325682  
-0.0030463  0.00212881  0.00121017  -0.0650024  -0.16864  0.287555  
-0.00347221  0.00212881  0.00111479  -0.0758814  -0.213646  0.307372  
-0.00322726  0.0019297  0.00111479  -0.0527105  -0.183425  0.29573  
-0.00329657  0.00130915  0.00111479  -0.0184303  -0.132763  0.225835  
-0.00361393  0.00141551  0.00111479  -0.0292581  -0.204559  0.264079  
-0.00370898  0.00238342  0.00219632  -0.0505501  -0.181353  0.269523  
-0.003524  0.00164682  0.00178085  -0.066924  -0.250332  0.363403  
-0.00910656  0.00350514  0.00166907  -0.175523  -0.635609  0.882959  
-0.0052389  0.00216409  0.000617493  -0.12619  -0.347621  0.614371  
-0.00462629  0.00226468  0.000839141  -0.116725  -0.371831  0.53696  
-0.00481348  0.00225825  0.000478278  -0.110136  -0.316071  0.502322  
-0.00412918  0.00223095  0.000287677  -0.105212  -0.313255  0.507233  
-0.00419008  0.00237805  0.000296006  -0.112545  -0.332062  0.533504  
-0.00402943  0.00260838  0.000227245  -0.102913  -0.277304  0.504458  
-0.00387594  0.00245022  1.63247e-05  -0.105167  -0.313147  0.514335  
-0.00415895  0.00260877  0.000296006  -0.111491  -0.292327  0.524719  
-0.00384526  0.00276653  0.000296006  -0.102871  -0.262607  0.489438  
-0.00429446  0.00262019  0.000352923  -0.105387  -0.297507  0.527125  
-0.00392885  0.0025963  0.000296006  -0.0989077  -0.23877  0.466275  
-0.00368766  0.00229466  0.000603224  -0.105374  -0.316781  0.528945  
-0.00331606  0.00244395  -8.77664e-06  -0.111969  -0.254562  0.453861  
-0.00307698  0.00252657  0.000136156  -0.105218  -0.225698  0.417403  
-0.00359763  0.00228649  0.000272064  -0.0937778  -0.256788  0.433543  
-0.00335434  0.00206789  0.000581434  -0.0895186  -0.208429  0.382044  
-0.00371556  0.00182654  8.76065e-05  -0.0852138  -0.291805  0.440394  
-0.00365825  0.00204568  8.26214e-05  -0.0957485  -0.261917  0.430162  
-0.0036531  0.00196583  -6.48533e-05  -0.0839487  -0.234811  0.401975  
-0.00404769  0.00186544  -2.14971e-05  -0.0789714  -0.281851  0.443302  
-0.00404769  0.00159415  0.000160366  -0.0666546  -0.241634  0.419864  
-0.00393703  0.00161597  -7.99938e-05  -0.090927  -0.276944  0.429366  
-0.0040233  0.00175967  -0.000369294  -0.0989243  -0.291492  0.438009  
-0.00381366  0.00201428  -0.000369293  -0.110762  -0.23907  0.399433  
-0.00353141  0.00145958  -0.000369293  -0.0939724  -0.252437  0.409056  
-0.00441789  0.00217141  -0.000369293  -0.110373  -0.331731  0.498252  
-0.00429068  0.00190248  -0.000369293  -0.0958972  -0.298545  0.473272  
-0.00463489  0.00172643  -0.000369293  -0.0925746  -0.340777  0.515082  
-0.00416669  0.00207171  -0.000369294  -0.10368  -0.313104  0.491281  
-0.00392842  0.00211127  -0.000369293  -0.0979975  -0.267007  0.448528  
-0.00334444  0.00176844  -0.000315154  -0.0966641  -0.266765  0.441584  
-0.00394064  0.00207185  -0.000179905  -0.114585  -0.279066  0.445001  
-0.00404123  0.00215178  -0.000149302  -0.104433  -0.286121  0.474397  
-0.00455489  0.00213595  -0.000264766  -0.111709  -0.343086  0.481678  
-0.00429148  0.00186404  -0.000461603  -0.111806  -0.297079  0.443762  
-0.00396583  0.00187468  -0.000618802  -0.114156  -0.2553  0.403646  
-0.00391223  0.00199795  -0.000365407  -0.115376  -0.297899  0.403605  
-0.00389125  0.00211743  -0.00044957  -0.123645  -0.300363  0.426118  
-0.00357819  0.00222454  -0.000734669  -0.128116  -0.250153  0.373453  
-0.00340228  0.00199261  -0.000972216  -0.12585  -0.253146  0.375688  
-0.00368292  0.00215715  -0.000835344  -0.126125  -0.294266  0.390125  
-0.00380995  0.00245179  -0.000949998  -0.141763  -0.291784  0.388747  
-0.00309009  0.00260609  -0.00111836  -0.147703  -0.226423  0.371326  
-0.00341131  0.00255474  -0.000985425  -0.146822  -0.286264  0.394529  
-0.00351479  0.00264029  -0.00134586  -0.167718  -0.272002  0.39389  
-0.00340535  0.00235316  -0.00137594  -0.166772  -0.229177  0.359873  
-0.00269143  0.00212118  -0.00135063  -0.161983  -0.233112  0.33627  
-0.0031492  0.00166669  -0.00121562  -0.146462  -0.281853  0.435541  
-0.00277955  0.00205143  -0.000979333  -0.152873  -0.252135  0.443624  
-0.00351167  0.00238568  -0.000584131  -0.166587  -0.348964  0.523978  
-0.00328595  0.00300405  -0.000584131  -0.185106  -0.325297  0.529221  
-0.00305385  0.00323284  -0.000733391  -0.175499  -0.272466  0.483069  
-0.00303659  0.00221616  -0.000584131  -0.139981  -0.289077  0.477028  
-0.00323702  0.00256693  -0.000584131  -0.138857  -0.290716  0.496693  
-0.00306818  0.00263204  -0.000387369  -0.141259  -0.252228  0.464558  
